1 2
3 4
5 6
7 8
7 9
7 10
11 12
13 14
13 15
13 16
13 17
18 19
20 21
22 23
22 24
25 26
25 27
25 28
25 29
30 31
30 32
33 34
35 36
37 38
37 39
37 40
37 41
42 43
44 45
44 46
47 48
47 49
47 50
51 52
51 53
54 55
54 56
57 58
59 60
61 62
63 64
65 66
65 67
65 68
69 70
71 72
73 74
75 76
77 78
79 80
79 81
82 83
82 84
82 85
82 86
87 86
88 89
90 91
92 93
92 94
95 96
95 97
95 98
95 99
95 100
95 101
102 103
102 32
104 105
104 106
107 108
109 110
111 112
111 113
111 114
111 115
116 117
118 119
120 121
120 122
123 124
125 126
127 128
129 130
131 103
132 133
134 135
134 136
137 101
138 139
140 141
140 142
140 143
144 145
146 147
148 149
150 151
150 152
153 136
153 154
155 156
157 158
159 160
159 161
159 8
162 163
162 164
162 165
162 166
167 168
167 169
170 171
172 151
173 174
175 176
175 177
175 178
175 179
175 180
175 181
175 182
175 183
175 184
175 185
175 186
187 188
189 164
190 191
192 193
194 195
196 197
196 198
196 179
196 181
196 183
199 200
201 198
202 203
204 74
204 91
205 206
207 208
207 209
210 211
210 212
210 213
210 214
210 101
210 215
216 217
216 218
219 220
219 221
219 222
223 214
223 224
223 106
223 96
223 225
226 227
228 229
230 231
232 233
234 235
234 236
237 238
239 240
241 242
243 244
245 246
247 248
249 250
251 252
251 253
251 254
255 256
257 203
258 259
260 261
260 262
260 174
260 263
260 264
260 265
266 267
268 269
270 271
272 273
274 275
276 277
276 278
279 227
279 206
279 280
279 281
282 283
282 284
282 285
286 287
286 288
289 290
289 291
292 293
294 246
294 295
294 296
294 297
298 299
298 300
301 302
301 303
301 206
304 83
305 306
305 307
305 308
305 277
305 309
310 311
312 233
312 313
312 314
312 315
312 309
316 317
316 318
316 319
320 321
320 322
323 324
325 326
327 328
329 117
330 331
332 333
334 335
336 337
336 338
336 163
336 339
336 315
340 341
342 343
342 344
342 285
345 346
347 348
349 350
349 191
351 352
353 264
354 355
354 86
356 357
358 359
360 361
360 362
360 363
364 365
364 366
367 68
367 368
369 284
370 371
372 373
372 374
375 376
377 378
379 271
380 381
380 382
380 19
380 383
384 385
386 387
388 119
388 64
388 389
388 390
391 392
393 394
393 395
396 281
397 398
399 400
401 402
401 403
404 405
404 406
407 309
408 409
410 411
410 362
412 413
414 415
414 416
414 417
414 418
414 419
414 101
414 106
414 114
420 113
420 221
420 421
422 423
422 48
424 425
424 426
427 428
429 430
431 139
431 432
431 433
434 415
434 435
434 436
437 415
437 438
439 440
441 442
443 444
445 446
447 448
449 450
451 452
453 454
455 456
457 458
457 459
457 460
461 462
461 463
461 464
465 259
465 466
467 406
468 469
470 462
471 293
472 473
472 474
472 261
472 475
472 476
472 114
477 246
478 479
478 480
481 475
482 483
482 103
484 485
484 486
487 488
489 490
491 492
493 494
493 495
493 496
493 106
493 497
493 475
493 498
493 499
493 500
501 502
501 503
504 505
506 507
508 509
508 510
511 139
511 512
511 513
511 514
515 96
515 516
515 517
515 476
518 519
520 521
520 522
523 265
523 114
523 524
523 296
525 474
526 527
528 529
528 530
528 531
532 533
534 4
534 535
534 309
536 537
538 440
538 46
538 539
540 541
540 14
540 542
540 16
543 113
544 267
545 546
545 547
548 212
548 549
550 490
550 551
550 296
550 552
553 554
553 555
556 277
557 423
557 558
559 560
561 562
563 564
565 566
567 568
569 91
570 571
572 573
574 575
574 576
574 577
578 579
580 38
581 326
581 582
583 584
583 374
583 246
583 259
583 261
583 296
583 585
583 586
583 475
583 587
583 588
583 589
583 225
590 591
592 593
594 595
594 596
594 597
598 599
600 601
602 603
604 605
606 607
608 609
608 610
608 611
612 613
614 615
614 616
617 517
617 618
619 308
619 277
619 620
619 278
619 621
619 108
622 227
622 623
624 625
624 206
624 303
626 238
627 273
628 319
629 630
631 259
632 633
632 634
635 195
636 571
637 638
637 101
637 639
640 641
642 643
644 213
644 645
644 646
644 295
644 647
644 101
644 648
644 497
644 392
644 649
644 650
651 652
651 653
654 655
654 278
654 656
657 326
657 658
657 659
660 661
662 663
662 89
664 571
665 666
665 667
665 668
669 670
671 672
673 582
673 659
673 674
673 675
673 658
676 677
678 679
680 681
682 124
682 683
684 685
686 687
688 198
688 176
689 690
691 692
691 227
693 227
694 695
694 206
694 696
694 697
698 699
700 198
700 180
700 181
700 183
700 184
700 186
701 702
703 704
705 359
706 707
708 415
709 710
711 317
711 712
713 714
715 418
715 539
716 341
717 302
717 163
717 315
718 719
720 721
720 376
722 723
724 362
725 726
727 728
727 295
729 730
729 731
729 168
729 169
732 733
734 299
735 736
737 43
738 739
740 741
740 742
740 743
740 363
744 745
744 746
744 747
744 748
744 749
750 751
750 406
750 752
753 754
755 483
756 161
757 373
758 198
759 760
759 638
761 762
761 704
763 764
765 766
767 264
768 552
768 211
768 769
770 771
772 113
773 774
775 776
777 658
777 326
778 779
778 288
778 780
781 782
783 648
784 785
786 787
788 789
790 791
790 389
792 793
794 795
796 797
796 346
796 798
799 389
800 801
802 435
802 259
802 263
803 191
804 805
804 806
807 808
809 810
809 811
809 812
813 814
815 49
815 774
816 533
816 601
817 818
817 222
817 76
817 819
817 265
817 10
820 821
822 15
822 542
823 824
823 825
823 748
826 670
826 827
828 795
828 827
829 830
831 615
832 833
834 795
834 835
834 10
836 522
837 838
839 840
839 655
841 406
842 824
842 641
842 843
842 844
842 406
845 846
845 211
847 795
847 174
847 215
847 106
848 849
850 463
850 462
851 852
853 854
855 599
855 576
856 227
857 858
857 859
860 861
862 793
863 695
863 864
863 277
863 278
863 865
866 867
866 623
868 261
868 135
868 595
869 68
869 368
870 748
870 871
872 115
873 695
873 625
873 874
873 875
873 865
876 877
878 865
879 880
879 881
882 287
882 780
883 884
885 886
887 741
888 721
889 139
890 891
892 893
894 895
896 897
898 385
898 899
900 901
902 903
902 904
902 905
906 160
906 907
908 91
909 910
909 911
912 64
913 215
914 915
916 917
916 918
916 919
916 920
916 291
921 922
923 314
923 302
923 227
924 139
924 513
924 925
924 512
926 925
926 514
926 139
926 513
927 928
927 929
930 931
930 895
932 114
933 108
934 935
936 476
937 886
938 55
938 939
940 941
940 942
943 944
945 946
945 516
945 947
945 948
945 949
950 603
950 951
950 952
950 687
953 954
953 955
956 957
958 425
959 742
960 961
962 963
962 964
965 306
965 864
965 966
967 142
968 762
968 171
969 748
969 970
971 326
971 582
971 674
972 163
972 571
973 974
973 463
975 976
975 450
977 844
977 748
978 979
980 485
980 981
982 29
983 984
985 252
985 986
987 418
987 808
988 264
989 990
991 992
991 993
994 209
995 996
997 998
999 560
1000 179
1000 183
1000 198
1000 181
1001 463
1002 964
1003 119
1003 1004
1003 575
1003 1005
1003 1006
1007 699
1008 38
1009 85
1010 1011
1012 1013
1014 1015
1016 1017
1018 1019
1020 1021
1020 1022
1023 1024
1025 100
1026 1027
1026 101
1028 1029
1030 1031
1030 901
1032 1033
1032 403
1032 1034
1035 1036
1037 1038
1039 309
1040 1034
1040 32
1041 1042
1041 1043
1044 497
1044 213
1045 1046
1045 1047
1045 225
1048 552
1048 589
1049 1050
1049 1051
1049 1052
1053 352
1053 295
1053 1054
1053 650
1053 103
1053 1055
1056 1057
1058 616
1059 1036
1059 625
1059 1060
1059 1061
1059 966
1059 1062
1063 1064
1063 1065
1066 206
1066 697
1066 874
1067 267
1068 915
1068 21
1069 541
1069 15
1069 542
1070 1071
1070 464
1072 551
1072 552
1072 1073
1072 728
1074 198
1074 181
1075 1076
1075 925
1075 514
1075 1077
1075 1078
1075 1079
1075 513
1075 512
1075 433
1080 846
1080 1073
1080 1081
1080 490
1080 1027
1080 211
1082 1083
1082 1084
1085 246
1085 1034
1085 1055
1086 1076
1087 483
1087 435
1088 1089
1088 280
1090 542
1090 62
1091 101
1092 1093
1094 264
1094 419
1095 1096
1095 72
1095 486
1097 1098
1099 875
1100 1101
1102 1103
1104 184
1105 302
1106 1107
1108 1109
1108 1110
1111 1112
1113 413
1114 1115
1116 607
1116 1117
1116 415
1116 114
1116 101
1118 321
1118 752
1119 163
1120 846
1120 1121
1122 795
1122 76
1122 319
1123 1124
1123 1125
1123 899
1126 814
1127 1128
1129 45
1130 1031
1130 1131
1130 1132
1133 494
1133 498
1134 1135
1136 1137
1138 1061
1139 275
1140 1141
1140 1142
1143 256
1144 464
1144 1145
1146 227
1147 152
1148 119
1148 1149
1148 576
1148 1150
1151 114
1152 1153
1154 1155
1156 1157
1158 26
1159 56
1159 939
1160 483
1160 394
1161 623
1161 966
1161 655
1161 955
1162 1157
1163 791
1164 1165
1166 264
1166 1167
1168 650
1168 103
1168 1034
1169 963
1169 749
1170 1171
1170 1036
1170 954
1170 252
1170 308
1170 1172
1173 139
1173 1076
1174 1175
1176 616
1177 198
1177 178
1178 1179
1180 827
1181 1182
1181 1183
1184 1185
1186 1187
1188 1189
1190 198
1190 179
1191 287
1192 17
1193 667
1193 227
1194 859
1194 1195
1196 1197
1198 263
1198 1199
1198 1200
1198 101
1201 1202
1201 571
1201 1203
1201 1204
1205 246
1206 233
1206 625
1206 623
1207 458
1207 1208
1207 460
1209 1210
1211 103
1212 1213
1212 1214
1212 1004
1212 1215
1212 8
1216 1217
1216 246
1218 1219
1220 1221
1222 2
1222 435
1223 1224
1223 852
1225 791
1225 1226
1225 318
1227 1125
1228 1229
1228 1230
1231 1096
1231 485
1231 1232
1233 58
1234 1235
1236 552
1237 259
1238 252
1239 1240
1241 1242
1241 623
1243 607
1244 566
1244 530
1245 843
1246 139
1246 925
1246 512
1246 514
1247 1248
1247 1249
1250 94
1250 1251
1252 213
1252 246
1252 497
1252 1121
1252 1034
1253 337
1253 874
1253 163
1253 339
1254 1255
1256 1257
1256 844
1258 1185
1259 419
1260 1261
1260 448
1262 1263
1264 179
1264 180
1264 184
1264 198
1264 181
1265 1266
1267 344
1267 285
1267 1268
1269 1270
1271 1272
1273 639
1273 1274
1275 1235
1276 603
1276 951
1276 1277
1278 1279
1280 261
1281 306
1281 1282
1281 346
1281 1283
1281 1284
1281 315
1285 1286
1285 947
1285 1287
1285 1288
1285 1289
1285 1034
1285 1055
1290 1291
1292 362
1292 1293
1294 864
1295 1296
1297 296
1297 263
1298 209
1298 1299
1300 666
1301 1302
1303 1304
1305 1306
1305 949
1307 1203
1308 1132
1308 901
1309 547
1309 1310
1311 1312
1313 1314
1315 15
1315 16
1316 1317
1318 318
1319 106
1319 1320
1319 265
1321 348
1322 1323
1322 302
1322 623
1324 1325
1326 348
1327 227
1328 1052
1329 227
1330 283
1330 284
1330 344
1331 1332
1333 1052
1333 227
1334 1200
1335 1336
1337 746
1338 1339
1338 233
1338 337
1340 209
1340 1341
1342 91
1342 1343
1344 313
1344 954
1344 1345
1344 955
1344 782
1344 530
1344 531
1346 1347
1346 1348
1346 113
1346 922
1346 296
1349 564
1349 317
1350 1351
1350 1352
1350 621
1350 1052
1353 1354
1355 1004
1356 1357
1358 27
1359 212
1359 113
1360 368
1360 66
1360 67
1361 142
1361 1362
1363 1364
1365 212
1365 448
1365 1366
1365 670
1365 1367
1365 1347
1365 1368
1365 1369
1370 1371
1372 1373
1372 1197
1374 1375
1376 1377
1378 355
1378 1379
1378 84
1380 1381
1382 1383
1382 486
1384 1272
1384 302
1384 1385
1384 81
1386 1387
1388 299
1389 1390
1389 1391
1392 584
1393 1394
1395 299
1395 300
1396 846
1396 552
1397 1232
1398 1399
1400 1401
1400 227
1400 1402
1403 891
1404 986
1405 357
1406 1407
1408 318
1409 721
1409 1410
1409 1411
1412 1413
1412 1414
1415 1172
1415 306
1415 313
1416 103
1416 32
1417 273
1418 480
1418 309
1419 1420
1421 743
1422 139
1423 810
1423 1424
1423 811
1423 1425
1426 46
1427 352
1427 244
1428 1429
1430 1431
1432 1433
1434 1435
1436 666
1437 1438
1439 1440
1439 355
1441 1200
1442 1443
1444 225
1445 483
1445 1369
1446 810
1446 1424
1446 1425
1446 812
1447 315
1448 655
1448 337
1448 782
1449 246
1449 295
1449 297
1449 264
1450 782
1450 656
1451 502
1452 1453
1454 1455
1456 1214
1457 1458
1459 1460
1459 1461
1462 1463
1464 390
1464 1465
1466 1467
1466 704
1468 1469
1470 830
1470 374
1471 1472
1471 1467
1473 1474
1475 191
1475 452
1476 4
1477 1387
1478 821
1479 880
1480 726
1480 1410
1480 376
1480 1481
1482 1483
1484 1485
1486 314
1486 306
1486 206
1487 1488
1489 1490
1491 791
1492 1493
1492 446
1494 1495
1494 1230
1496 475
1496 1497
1496 1498
1499 1500
1499 707
1501 1502
1501 499
1503 1504
1505 1506
1505 1507
1508 227
1509 1510
1511 1071
1511 951
1511 1145
1512 749
1513 179
1513 183
1513 180
1513 184
1513 198
1513 185
1514 1272
1515 382
1515 1516
1517 1518
1519 283
1520 262
1521 928
1522 212
1523 1524
1525 919
1526 64
1526 576
1526 791
1527 1528
1529 795
1530 812
1530 1424
1530 1425
1530 811
1531 1282
1531 193
1532 1533
1532 1534
1535 331
1536 113
1537 263
1538 1203
1539 261
1539 1540
1539 475
1539 714
1539 448
1539 215
1539 1541
1542 509
1542 1543
1544 1545
1546 246
1546 1547
1548 1549
1548 78
1550 459
1550 1208
1550 458
1551 1552
1553 1128
1554 281
1554 206
1555 1556
1555 108
1557 1558
1559 810
1559 811
1559 812
1560 1495
1560 1229
1561 1054
1561 1288
1561 1289
1561 1103
1562 1563
1564 808
1565 1566
1567 721
1567 1568
1569 661
1569 450
1570 93
1570 1251
1571 1572
1571 1573
1574 318
1574 1575
1576 1577
1576 1578
1579 394
1580 1581
1580 314
1580 337
1580 1582
1580 655
1583 1584
1585 1435
1586 1587
1588 1589
1590 1591
1590 1592
1593 1594
1593 1595
1593 1596
1593 1455
1593 1060
1593 1597
1593 1598
1593 1172
1593 1599
1593 1204
1593 1600
1593 1435
1601 1602
1603 1604
1605 1062
1606 113
1606 948
1607 246
1608 1609
1610 459
1610 1208
1610 460
1611 1612
1611 603
1611 951
1613 1614
1615 114
1615 1616
1617 264
1617 1167
1618 121
1618 1619
1618 1620
1621 1098
1621 1622
1623 805
1623 1624
1623 136
1625 825
